4
  114
  5
  93
  14
  18
  46
  2
  7
  4
  2
  71
  84
  182
  32
  79
  62
  14
  17
  5
  43
  5
  16
  32
  31
  1
  32
  19
  9
  7
  2
  17
  1
  9
  1
  23
  54
  38
  14
  49
  2
  5
  5
  2
  21
  19
  10
  2
  45
  13
  12
  28
  16
  32
  30
  5
  13
  11
  5
  4
  10
  4
  7
  7
  2
  9
  50
  3
  25
  56
  56
  8
  21
  1
  1
  5
  5
  1
  1
  66
  30
  7
  105
  1
  1
  4
  78
  2
  10
  8
  12
  1
  46
  48
  3
  5
  4
  25
  2
  6
  1
  4
  46
  67
  59
  5
  5
  4
  10
  102
  16
  127
  